1000
16 3 4 1396 371
9 9 4 1703 642
0 7 1 366 1339
11 6 2 1390 1613
15 9 1 171 1916
5 2 3 725 2336
26 4 3 1150 3299
17 9 1 599 3460
29 6 3 972 4396
23 2 4 1272 4821
4 8 4 766 5048
1 0 3 1395 5801
33 4 3 1967 7559
6 7 1 1592 7560
24 3 1 1788 8548
52 4 6 1143 11430
7 5 0 1522 11753
31 6 3 1630 14221
32 6 1 314 15638
20 8 0 1017 15659
46 6 5 1710 17133
8 5 1 1012 17487
35 2 5 939 18275
38 8 3 1364 18680
40 8 5 1623 18942
27 3 7 1185 20109
25 9 2 1029 21797
49 8 3 837 22113
80 6 4 1712 22247
36 2 0 1890 22817
10 5 3 194 23612
53 3 8 401 25880
54 8 0 1975 26128
2 0 7 1232 27985
13 5 1 1914 31116
14 7 3 937 31337
56 4 6 997 33765
3 0 9 544 33852
34 1 4 1587 35281
81 2 6 1690 35530
41 9 8 1675 35557
21 5 2 730 35950
86 6 3 1526 37743
22 5 8 186 38000
42 9 2 1598 38297
48 9 1 655 38879
72 3 7 1693 40117
18 7 3 102 40990
19 7 3 1685 42016
30 5 2 824 45401
82 2 1 234 45429
67 4 5 555 45439
39 1 3 889 45722
84 4 1 690 46776
55 8 1 1356 47186
57 9 6 157 49506
37 7 5 377 49671
45 1 6 1470 49746
95 6 1 1579 50163
63 9 1 212 50645
58 1 0 1528 51047
64 9 6 417 51250
68 9 0 438 51899
12 0 5 426 52589
104 6 1 465 52987
50 5 7 1286 53466
93 2 8 326 54163
92 3 6 1992 54227
94 9 4 1550 56057
69 1 6 299 57868
114 2 1 1446 59359
70 1 6 1333 60906
62 8 7 126 62428
113 6 1 1197 64191
108 3 0 1585 64986
125 6 5 1497 66003
107 9 1 894 66030
118 4 3 1601 66292
65 8 1 803 67031
73 1 5 855 69783
78 1 0 1352 69951
43 7 6 349 71167
76 8 6 1532 71608
124 9 1 168 71770
129 6 7 361 71887
83 8 5 1410 72228
28 0 3 249 73114
60 5 9 1492 73458
126 9 8 1383 74264
87 1 6 1732 75617
90 5 1 200 75785
44 7 0 1181 75903
59 0 9 1404 76054
47 7 8 160 76186
51 7 4 902 76202
121 2 5 1999 76535
134 4 0 304 77067
89 8 4 193 78671
131 6 5 1219 79698
61 0 7 1283 80015
138 4 6 471 80623
66 7 0 1589 81560
133 9 2 1051 81658
109 3 2 1952 81973
98 5 1 1405 82559
102 1 7 435 84846
100 5 6 904 90258
132 6 0 758 91491
71 0 1 1645 91644
74 7 5 1856 91815
103 5 1 483 92272
161 9 3 1027 92348
115 3 6 1272 92416
173 3 9 603 93923
106 5 8 1147 94587
148 4 7 731 94898
175 3 2 1113 95359
96 8 9 1711 97042
179 3 7 844 98297
192 3 1 1677 98753
127 2 7 507 99370
110 1 3 576 99813
158 6 1 343 101385
202 3 8 754 101782
204 3 5 1040 102588
117 1 8 1682 102767
149 2 1 1466 103865
75 0 2 560 105586
77 0 1 1185 106199
150 4 5 1584 106560
205 2 4 336 108107
139 1 9 1431 108607
178 6 2 326 109141
207 3 7 1048 110404
181 9 8 1658 110760
143 1 6 102 111341
144 1 3 1212 112867
99 8 9 1196 114873
217 2 1 1811 115238
88 7 5 1983 115500
111 8 9 1070 116477
151 1 3 647 116786
225 2 0 124 116905
226 2 5 1877 118187
91 7 0 880 118235
120 5 6 1971 118294
155 4 2 1276 119894
182 6 1 200 121499
183 6 2 368 122556
97 7 1 1026 123618
79 0 8 1227 123999
123 5 0 1712 124481
85 0 9 1039 124877
193 9 7 1522 126869
195 4 3 1638 127458
184 6 8 1593 128076
186 6 5 273 128781
156 1 4 1108 131098
112 0 3 1672 132368
101 7 3 762 132685
229 3 1 1376 133343
105 7 5 611 133699
234 2 9 695 135489
203 4 5 973 136296
142 5 0 162 137343
116 8 3 477 137825
135 7 3 1150 137965
198 9 7 588 139465
213 4 2 335 140663
172 1 4 298 141362
218 9 8 1722 142908
214 4 9 557 142927
152 5 2 1216 143996
190 6 2 875 145140
119 0 7 1612 148099
197 6 9 785 148986
176 1 0 1715 149739
223 9 4 844 150069
230 3 9 1511 150908
122 8 2 1487 151515
130 8 9 581 153597
128 0 3 511 154454
241 4 3 806 154613
136 7 6 1757 155607
235 3 6 558 155933
200 6 8 549 156428
239 3 4 823 156571
160 5 0 1136 157222
249 9 8 951 157907
247 2 1 433 159335
244 4 3 1826 161572
137 0 3 860 161749
141 7 3 771 162090
185 1 8 1594 162095
201 6 2 438 164405
277 3 6 812 167735
191 1 7 110 168247
304 9 7 300 169282
250 2 1 1075 170289
162 5 8 1527 171890
146 0 3 1333 172587
209 6 1 1280 173305
206 1 9 1058 173628
245 4 8 1837 173976
145 7 9 914 174240
306 9 4 243 175582
140 8 2 540 177523
153 7 0 1154 182297
251 2 1 538 182585
286 3 2 250 182749
159 7 2 793 182876
254 4 2 1226 183561
267 4 7 947 185715
147 8 6 897 186378
324 3 2 1394 186668
232 1 8 1665 187159
154 0 2 1878 190485
163 5 6 1882 190777
332 3 4 1139 192368
165 7 3 1698 194909
334 3 4 1910 194949
242 1 2 1184 195525
157 8 0 878 195969
337 3 9 357 196110
166 7 5 105 196731
338 3 5 874 197699
167 7 9 896 197750
258 2 7 932 198013
168 5 1 920 198780
237 6 1 1090 200386
170 8 1 720 200929
262 2 4 1620 201990
174 7 0 107 203347
240 6 1 1355 203588
264 2 6 852 203722
252 1 8 1384 204804
171 8 0 1206 205626
265 2 4 1806 206419
311 9 2 1217 209229
177 5 1 576 210942
259 1 4 1740 212041
374 3 8 997 212096
180 7 8 1323 214312
314 9 8 2000 214512
243 6 5 424 215301
395 3 7 509 215338
281 4 1 842 216630
194 8 5 1753 217092
272 2 7 884 218271
224 5 3 549 218408
316 9 3 1374 218670
187 7 9 449 218851
319 9 5 1065 219288
346 9 3 1241 219700
360 9 5 169 220835
199 8 3 1218 220891
261 1 0 735 221480
256 6 9 1343 222368
210 8 6 251 222377
164 0 1 812 222515
269 1 6 324 222929
301 4 8 1117 223266
396 3 8 273 223795
169 0 9 314 226465
378 9 1 1253 227171
273 1 0 1729 229421
188 0 4 1698 231642
315 4 5 824 232038
228 8 2 1844 232396
386 9 2 1354 232432
236 8 6 1992 235704
248 8 3 746 237568
309 1 5 258 238266
212 7 0 411 238342
276 2 0 770 239870
253 8 7 1910 239998
231 5 7 1013 244817
292 2 7 1892 245661
387 9 6 995 245969
255 5 8 428 246848
320 1 4 849 246935
215 7 0 1042 247292
414 3 7 565 248395
331 1 2 1345 248903
390 9 5 290 249166
260 6 5 1661 250423
340 1 6 737 252093
394 9 8 184 252227
189 0 7 1813 252811
266 6 5 1903 256538
257 5 4 1060 257667
318 4 6 727 257737
341 4 9 950 257812
370 4 5 944 259151
404 9 6 506 259192
372 4 9 1529 261740
417 3 1 1456 263040
263 8 3 353 263353
421 3 5 1428 264360
302 2 9 825 264893
342 1 5 1029 265577
280 8 3 1838 266228
411 9 5 373 267303
275 6 5 1238 267754
233 7 3 1744 268765
330 2 5 773 269452
282 8 2 1166 269722
426 9 8 262 271819
196 0 1 792 276438
375 4 7 1424 277423
278 6 3 1180 277711
274 5 8 930 279348
347 1 0 572 280992
355 1 8 1373 281818
429 9 7 797 282680
238 7 2 203 283249
283 8 2 741 285121
279 6 9 1604 286371
377 4 3 826 287374
270 7 3 1004 288630
284 5 8 1732 289396
357 1 9 615 290143
424 3 8 661 290219
361 1 0 1383 290309
290 6 9 1132 291847
285 8 4 1097 293056
208 0 4 1856 293567
300 5 1 1081 293971
437 3 7 380 294169
365 1 8 1703 294433
408 1 9 610 295809
441 3 4 118 296503
211 0 1 1704 296941
366 2 6 1211 297237
287 8 5 650 297514
449 3 1 732 297649
457 3 5 586 299549
289 8 6 727 300109
291 7 9 562 300299
313 5 2 1631 300604
478 9 5 1380 300712
409 1 8 217 302016
296 6 2 1267 302816
294 7 9 709 303351
415 1 6 1230 305834
293 8 3 1229 306129
485 9 7 600 307928
368 2 1 783 309646
297 6 4 1679 310399
384 4 9 859 310994
317 5 7 1618 311263
321 5 8 1128 313628
420 1 7 1677 314402
216 0 1 1918 314721
299 7 1 1680 314905
405 4 2 1552 316089
369 2 1 1716 316508
438 1 3 1650 319300
407 4 0 251 319365
471 3 7 810 319476
333 5 2 616 322205
303 6 9 1741 322650
379 2 9 1307 324508
487 9 4 1431 324566
385 2 1 1484 325923
336 7 5 108 329952
493 3 1 573 330846
312 6 3 791 331109
343 5 2 1998 332726
496 3 1 553 333810
479 1 0 231 334611
504 3 9 1789 334930
393 2 6 312 335941
328 6 9 1438 336130
298 8 5 1502 336258
400 2 1 1224 338209
305 8 1 534 338800
345 6 8 134 340324
362 7 3 1802 341045
523 3 0 1262 341150
406 2 7 301 342034
322 8 1 930 342079
490 9 5 1572 343182
219 0 2 764 343641
419 4 2 544 344076
499 9 2 1593 345855
507 9 3 562 346157
423 4 9 1456 346896
220 0 6 1447 348827
512 1 9 1983 350935
530 3 4 949 351843
352 6 3 1153 353816
323 8 5 1015 354767
344 5 8 623 358331
430 4 9 677 359704
354 6 4 1690 360421
510 9 7 1518 360775
221 0 7 742 360918
514 9 4 1790 361425
418 2 6 1391 361798
534 3 2 780 362313
349 5 1 857 364639
431 4 1 532 367753
363 7 6 1117 369006
350 5 1 381 369299
519 1 2 1972 369909
521 1 0 327 370252
422 2 5 888 370346
222 0 8 594 371817
351 5 6 1829 375050
522 1 2 975 375101
356 6 3 479 375199
428 2 5 1755 377054
326 8 4 1075 377520
443 2 6 115 379396
526 1 9 1922 379622
433 4 5 1250 380543
532 1 6 921 380687
542 3 7 751 381243
359 5 9 288 381402
524 9 7 1933 381637
455 4 5 265 383867
364 6 3 1233 384267
474 4 1 1579 385701
367 7 0 1986 387134
529 9 7 796 387629
545 1 0 297 389131
373 5 8 1610 389664
447 2 9 1312 392564
543 3 1 929 393912
327 8 9 1003 395924
388 7 4 1372 397932
458 2 8 168 399004
227 0 7 1065 400233
391 7 6 730 401379
397 7 4 925 401548
557 1 3 1552 401986
413 5 9 1741 402053
553 9 1 1628 403272
475 4 1 1314 404505
554 3 7 1312 406200
561 3 8 530 407782
329 8 4 1879 408145
476 4 3 1262 408869
565 9 4 115 408898
381 6 1 1947 409430
339 8 9 543 409698
436 5 0 1966 410915
446 5 3 1444 411545
568 3 6 993 412280
348 8 9 1029 413840
460 2 9 1443 414207
569 1 9 1891 414440
578 3 0 1911 416397
246 0 8 1449 416604
399 7 6 1379 416903
483 4 2 1258 416953
571 1 3 1575 417990
435 7 8 981 422384
595 1 9 1617 422623
463 2 6 1459 422683
616 1 4 150 425050
588 3 8 1692 426246
572 9 0 1158 428928
451 7 9 273 429410
268 0 4 1217 431162
448 5 7 1002 431856
452 7 3 177 432025
383 6 8 1764 432304
619 1 6 850 432410
453 5 4 576 433268
584 9 6 626 433493
454 7 0 701 434323
376 8 5 758 436990
271 0 9 768 437010
456 7 5 754 438151
468 5 6 1468 440180
585 9 5 1222 441681
505 4 6 878 442405
506 4 0 330 443794
464 2 3 645 444115
402 6 2 1112 444348
461 7 5 440 444480
587 9 7 945 445119
508 4 6 1986 445367
480 2 0 1779 446312
288 0 6 1489 447135
511 4 5 1124 447427
482 5 8 1278 448031
606 3 2 1550 448862
625 1 9 1949 448951
601 9 1 116 450079
610 3 2 516 450528
617 3 1 137 451113
389 8 6 1695 451450
639 3 0 209 452932
403 6 7 1325 453747
643 3 6 1531 454816
503 2 5 571 455016
535 2 0 751 455197
392 8 2 1679 457000
444 8 5 1161 457253
295 0 3 853 458764
690 3 6 522 459155
469 7 3 143 459928
416 6 1 1086 460204
445 8 2 986 461307
470 7 2 1493 461467
307 0 8 1480 462187
633 1 6 667 464515
513 4 8 408 465595
700 3 7 1565 468330
481 7 5 1362 468433
450 8 2 1741 469684
489 5 4 1647 470002
459 8 6 1519 470648
434 6 7 704 474029
537 2 6 826 474225
492 7 6 1554 475077
546 2 8 698 478224
308 0 7 1591 478437
472 8 7 916 478917
562 2 4 1180 480014
707 3 6 341 480130
491 5 0 1402 480548
711 3 7 258 480572
574 2 1 942 481028
623 9 2 965 481592
310 0 3 1891 482655
484 8 0 1242 482704
502 7 9 1664 483964
635 9 0 103 486438
640 9 5 587 487177
540 7 4 713 487269
638 1 2 1295 488181
544 7 1 1877 490754
549 7 4 1396 491355
486 8 1 1214 491591
579 2 3 126 492570
756 3 4 1274 493321
439 6 1 1167 493841
517 4 5 244 495819
497 8 2 1680 498066
564 7 6 908 498780
528 4 1 702 498879
325 0 9 1475 499073
498 5 3 224 501281
769 3 1 1551 503441
582 2 4 510 503810
515 5 6 1786 505119
806 3 2 1179 505299
598 2 3 1376 505524
575 7 4 1511 505526
835 3 2 966 505875
602 2 3 1390 506150
516 8 2 1738 506402
648 1 7 1192 507392
658 9 7 408 507916
440 6 4 1751 508622
560 4 5 126 509021
842 3 8 653 509128
442 6 5 1007 509697
848 3 4 1579 511014
577 4 2 238 511490
462 6 5 1057 512481
656 1 3 1361 512661
659 9 3 502 514595
594 4 0 729 516431
604 4 6 1268 519524
335 0 5 1178 519594
660 9 6 1540 521366
590 7 3 910 521815
664 1 0 876 521942
466 6 9 494 522130
527 8 2 739 522762
681 1 4 261 523397
539 8 7 1010 523656
665 9 1 216 524651
467 6 8 935 525553
556 8 4 1877 527237
494 6 4 650 527634
609 2 0 106 528722
596 7 6 546 530224
353 0 6 551 532187
520 5 8 191 534094
667 9 7 1282 534314
567 8 5 255 535335
854 3 9 1901 536067
859 3 8 295 536237
865 3 6 659 536804
684 1 4 392 537285
531 5 4 154 537293
612 4 9 1097 537446
599 7 1 248 539260
358 0 3 585 540084
576 8 9 714 541365
580 8 1 174 541721
692 1 5 1343 542895
371 0 3 628 543318
500 6 1 1846 545027
620 7 5 1548 545547
624 7 9 1108 545573
533 5 4 1528 546850
873 3 8 1055 547871
541 5 3 1978 547895
895 3 6 1390 551127
563 5 1 625 551739
694 1 7 1434 553797
621 2 9 665 553917
615 4 0 558 555076
380 0 5 1582 555181
630 2 6 1722 556323
709 1 4 666 556452
642 2 3 690 556870
591 5 9 1032 557990
650 2 5 1971 558582
637 4 6 1974 558874
654 2 3 1052 559193
675 9 7 1315 561051
600 5 6 317 561122
908 3 6 1627 561309
501 6 7 1658 562315
655 4 8 1600 562745
935 3 7 1750 562997
589 8 7 1050 563073
538 6 1 328 565639
597 8 1 264 568741
611 5 8 1719 570056
552 6 8 1310 573851
679 9 0 1902 574991
676 2 5 811 575965
626 7 1 1345 576650
716 1 4 1047 576733
641 7 2 1110 578379
559 6 4 1040 578751
608 8 2 1421 578767
613 5 7 670 579270
622 8 3 1838 579648
644 7 6 482 580595
657 4 8 1231 581028
703 9 0 422 581219
645 7 2 1835 582707
570 6 5 939 584102
581 6 2 710 586934
614 5 3 1295 587428
629 5 1 368 588307
939 3 1 1240 588536
382 0 7 1552 589323
583 6 1 928 590028
668 4 3 1575 590251
663 5 7 820 590706
693 2 6 607 595728
398 0 1 1515 596396
628 8 3 1042 596501
586 6 4 347 597326
706 9 0 1145 598654
649 7 2 113 598684
670 7 2 1072 598747
678 4 7 1409 601084
682 7 2 1481 601682
958 3 7 1433 601974
710 9 8 587 602136
687 7 4 189 602868
699 2 9 578 604546
631 8 9 1368 605336
669 5 7 903 606611
632 8 6 1751 606887
705 2 9 1919 608831
722 1 0 108 609721
603 6 7 291 611115
728 9 4 1276 611134
695 4 7 1800 612773
712 2 0 1508 613065
697 4 3 1989 613357
959 3 1 1548 613833
727 1 2 709 613851
634 8 7 517 614160
666 8 1 1958 614390
401 0 8 727 615086
410 0 4 1485 615851
412 0 2 1534 618866
605 6 4 1568 620824
425 0 1 900 622334
427 0 3 1074 622670
702 7 5 390 625306
686 5 4 322 628203
432 0 4 1316 628678
704 5 6 718 631322
715 2 9 1864 632369
672 8 6 1152 632378
741 9 4 1229 632838
701 4 2 1992 633010
734 2 3 821 633077
726 4 1 337 633447
729 1 5 1302 635422
964 3 4 1953 636385
673 8 9 1055 638028
736 4 2 1553 638635
677 8 9 1209 639957
465 0 5 908 640073
473 0 6 386 640115
607 6 0 869 641930
688 8 4 1390 641932
618 6 8 992 642121
731 1 3 745 643658
636 6 5 439 643766
744 9 6 564 645397
714 7 4 1968 652020
737 4 1 507 652409
742 2 8 1752 652443
759 9 2 405 654417
971 3 9 1944 656120
975 3 9 1590 656263
477 0 5 1224 657400
713 5 0 1718 657413
723 5 0 143 657923
977 3 6 1450 659143
748 2 9 629 659174
718 7 8 1400 659411
738 5 9 1024 661365
725 7 9 142 663497
747 4 9 392 665209
647 6 8 1613 666669
739 5 9 1639 667173
749 2 3 1792 667692
978 3 2 1206 669491
796 1 6 1685 669765
696 8 6 162 670830
755 2 5 1124 672283
751 5 7 1737 672956
982 3 2 1238 673381
764 4 3 1445 674570
771 9 4 234 676948
774 9 8 1343 677068
735 7 9 618 677541
777 9 2 371 677697
488 0 4 1757 677781
760 2 6 976 678109
983 3 0 1896 678346
793 4 2 656 678765
798 1 0 892 681018
698 8 4 1539 683061
802 4 6 1114 686342
708 8 9 719 686790
495 0 4 1563 687152
984 3 7 267 687638
805 4 3 224 688179
651 6 8 669 688833
765 2 9 1830 689266
985 3 2 769 691252
780 9 3 120 691457
740 7 9 1421 691498
781 9 6 1999 692757
792 9 2 564 692887
752 5 9 995 696870
754 5 0 1744 698010
768 5 0 1226 698051
745 7 2 1957 698380
653 6 5 255 699584
746 8 5 780 699865
509 0 3 824 701033
799 5 0 1629 701531
795 9 8 1479 701866
518 0 3 1896 702223
986 3 5 1774 703288
809 1 0 1351 703542
758 8 2 742 704022
987 3 5 1895 704379
807 4 3 302 704912
816 5 6 954 705869
811 1 4 403 706327
782 2 7 717 706809
988 3 1 801 707226
989 3 5 1398 708273
819 5 1 1028 711382
761 8 7 1509 714964
671 6 2 1824 715097
784 2 1 1009 715591
750 7 9 922 715969
832 1 6 1446 718885
753 7 5 631 719832
788 2 8 1233 720134
680 6 5 100 720492
810 4 5 607 721034
778 8 9 1828 721317
990 3 0 1540 723079
825 9 8 374 724002
685 6 3 1914 726653
817 4 7 1361 729168
689 6 7 449 730604
991 3 4 273 732448
821 5 3 951 733595
789 2 1 1764 733967
525 0 3 316 734461
691 6 0 777 736437
992 3 5 1184 736653
834 1 5 1134 736855
812 2 0 525 741209
831 4 6 1277 741961
814 2 4 211 743135
841 4 8 599 743349
719 6 9 1158 744285
536 0 2 1151 744612
836 1 3 1953 745730
766 7 1 518 745785
993 3 7 1989 745901
820 2 9 1734 746503
547 0 2 1485 746770
779 8 0 1836 747434
849 4 6 1499 748990
772 7 8 1203 749634
824 5 8 1277 749709
827 5 4 1851 749931
994 3 9 933 750138
843 1 8 1031 751545
828 9 0 1799 752298
856 1 3 656 754680
720 6 2 1468 755549
721 6 2 1939 757034
773 7 6 1152 757527
855 4 3 281 758049
724 6 8 667 758694
857 4 9 1675 759696
871 4 3 690 761071
995 3 7 544 762449
862 1 0 1150 763456
823 2 4 938 763778
730 6 0 891 765844
864 1 4 902 766275
875 4 8 913 768225
790 8 0 716 768902
833 5 9 1918 769635
996 3 5 231 770011
732 6 1 1689 770037
548 0 2 326 770976
876 4 8 1818 773303
997 3 5 881 773442
776 7 2 168 775182
837 9 4 1737 775871
783 7 2 588 776404
794 8 0 1183 777897
787 7 4 1904 779469
852 9 6 567 781193
998 3 9 1373 781388
840 2 5 1135 784803
791 7 5 987 786725
893 4 8 1893 789281
800 8 6 250 790193
999 3 9 1959 790543
550 0 3 487 790936
830 8 9 1036 792056
851 2 1 1227 792495
878 1 3 1141 793254
847 5 0 231 794568
733 6 1 579 795964
879 1 8 1533 796999
898 4 2 369 798548
551 0 7 702 799196
850 5 7 676 803147
861 2 7 813 804864
555 0 5 1365 806613
797 7 9 1000 806740
858 9 1 822 808228
863 5 1 511 812593
804 7 6 441 813459
558 0 9 1155 814640
866 2 6 689 815022
566 0 4 1657 815521
818 7 0 342 817610
839 8 4 1950 819836
868 9 8 1869 820404
743 6 3 729 820509
900 4 8 420 821501
762 6 3 1628 822533
853 8 1 1663 825948
869 5 4 1865 828648
872 9 8 1505 828801
894 1 5 588 829303
763 6 0 1769 829929
860 8 3 1349 831039
838 7 4 1798 831594
891 9 4 101 833025
899 1 4 1332 833120
910 4 9 1603 834133
844 7 4 143 835147
573 0 8 234 835503
845 7 6 538 835785
881 7 4 593 835849
592 0 2 1317 837987
767 6 5 165 838524
770 6 3 1680 839002
928 9 4 1336 840565
874 5 2 1065 842285
870 2 6 146 843325
886 7 3 413 843471
882 2 1 394 843754
888 7 1 535 844006
883 2 1 1299 846146
887 2 8 196 847389
877 5 2 1704 847939
890 5 7 236 849915
889 7 0 192 851298
593 0 6 692 851700
897 2 7 1363 851892
775 6 2 1675 852233
902 5 8 1770 852687
906 1 0 1553 853145
904 2 3 475 853650
909 1 4 1709 853855
785 6 5 599 855785
880 8 2 1290 855886
627 0 8 1098 856257
915 4 1 994 856421
929 9 0 1615 858519
801 6 4 1477 859828
885 8 7 430 859874
892 8 9 909 861671
923 2 1 873 861752
901 8 6 448 862863
931 2 8 384 871584
912 5 8 241 872418
911 1 9 1778 872623
921 1 8 1279 873575
803 6 9 844 873915
808 6 3 1715 875558
813 6 4 813 876969
932 2 7 260 877899
646 0 8 1420 878512
815 6 8 1503 879234
919 4 1 262 880792
914 5 1 1696 881073
920 5 9 1656 883093
903 8 7 120 883783
907 8 3 825 884306
826 6 1 1200 884841
917 8 9 463 885349
926 4 6 1617 886504
930 9 2 1550 887494
934 2 0 330 887693
924 1 8 993 888613
933 4 2 1599 889257
652 0 7 601 890374
925 1 0 321 899462
927 5 7 765 900055
938 1 0 1869 904814
941 9 6 359 904874
942 9 5 798 906730
946 4 0 750 907875
937 5 6 650 911152
661 0 6 117 911335
662 0 4 586 911812
948 9 0 986 913491
936 2 4 702 915472
944 1 3 818 916456
947 4 2 1014 917301
953 4 5 1133 917819
674 0 9 1500 919622
943 2 5 1528 921198
949 2 7 1119 922242
951 1 4 883 925308
956 9 4 1028 927019
940 5 4 1560 927835
963 9 3 1341 929384
968 9 6 708 934501
683 0 6 1739 938958
954 1 7 647 940825
961 4 3 1972 941048
945 5 1 1084 941560
970 9 5 1463 944031
969 5 4 762 944097
973 5 1 1477 944482
974 9 6 160 946352
717 0 6 845 951177
757 0 4 543 961879
960 1 5 1604 965490
967 4 2 521 965771
786 0 9 343 966674
976 5 3 236 967949
822 0 5 1141 973787
829 0 6 480 992938
972 4 5 110 993878
846 0 7 1872 1000358
867 0 6 703 1011761
979 4 3 1582 1012913
980 4 5 1104 1014696
884 0 8 516 1023410
981 4 1 1118 1029644
896 0 3 659 1047132
905 0 5 1378 1051631
913 0 6 715 1051750
916 0 7 214 1061592
918 0 2 1363 1062819
922 0 6 463 1064824
950 0 5 1733 1081688
952 0 5 524 1087071
955 0 1 1950 1090492
957 0 1 1379 1103071
962 0 2 878 1111100
965 0 7 1116 1142327
966 0 6 1532 1159979
